{
 "cells": [
  {
   "cell_type": "code",
   "execution_count": 138,
   "metadata": {},
   "outputs": [],
   "source": [
    "import pandas as pd\n",
    "import numpy as np \n",
    "import matplotlib.pyplot as plt\n",
    "import requests\n",
    "import time"
   ]
  },
  {
   "cell_type": "code",
   "execution_count": 139,
   "metadata": {},
   "outputs": [],
   "source": [
    "def get_percentile(x, t='latest',val=0):\n",
    "    if t=='latest':\n",
    "        x=x.dropna().values\n",
    "        val=x[-1]\n",
    "        return np.round(100*(np.where(np.sort(x)==val)[0][0]/len(x)),2)\n",
    "    else:\n",
    "        return  np.percentile(np.sort(x),val)"
   ]
  },
  {
   "cell_type": "code",
   "execution_count": 140,
   "metadata": {},
   "outputs": [],
   "source": [
    "#holdings=['GDX','RHHBY','ETSY','ECL','OLLI','BLK','SPY','SPXL','AZN','CDNS','CWH','BYND']\n",
    "holdings=['RH']"
   ]
  },
  {
   "cell_type": "code",
   "execution_count": 141,
   "metadata": {},
   "outputs": [],
   "source": [
    "holdings='DOCU,OLLI,SHOP,MBUU,ADBE,CCL,BL,QQQ,MDB,BLK,CLF,CDNS,MELI,NOW,NYT,CWH,ECL,DDOG,BIG,TREX,TW,DKNG,ARKF,RH,BAK,JHG,CROX,THO,MAR'\n"
   ]
  },
  {
   "cell_type": "code",
   "execution_count": 142,
   "metadata": {},
   "outputs": [],
   "source": [
    "holdings=holdings.split(',')"
   ]
  },
  {
   "cell_type": "code",
   "execution_count": 143,
   "metadata": {},
   "outputs": [],
   "source": [
    "res=[[],[],[],[],[],[]]"
   ]
  },
  {
   "cell_type": "code",
   "execution_count": 144,
   "metadata": {},
   "outputs": [
    {
     "name": "stdout",
     "output_type": "stream",
     "text": [
      "DOCU\n",
      "OLLI\n",
      "SHOP\n",
      "MBUU\n",
      "ADBE\n",
      "CCL\n",
      "BL\n",
      "QQQ\n",
      "MDB\n",
      "BLK\n",
      "CLF\n",
      "CDNS\n",
      "MELI\n",
      "NOW\n",
      "NYT\n",
      "CWH\n",
      "ECL\n",
      "DDOG\n",
      "BIG\n",
      "TREX\n",
      "TW\n",
      "DKNG\n",
      "ARKF\n",
      "RH\n",
      "BAK\n",
      "JHG\n",
      "CROX\n",
      "THO\n",
      "MAR\n"
     ]
    }
   ],
   "source": [
    "c=1\n",
    "for ticker in holdings:\n",
    "    print(ticker)\n",
    "    time.sleep(1)\n",
    "    c+=1\n",
    "    if c==5:\n",
    "        c=1\n",
    "        time.sleep(60)\n",
    "    d={'function': 'TIME_SERIES_DAILY_ADJUSTED','apikey':\"YEUC2DL0F7KC43PB\",'symbol':ticker,'outputsize':'full'}\n",
    "    response = requests.get(\n",
    "        'https://www.alphavantage.co/query',\n",
    "        params=d,\n",
    "        )\n",
    "    try:\n",
    "        spy=[[],[],[],[],[],[],[]]\n",
    "        #print(response.text)\n",
    "        for key, val in response.json()['Time Series (Daily)'].items():\n",
    "            spy[0].append(float(val['1. open']))\n",
    "            spy[1].append(float(val['2. high']))\n",
    "            spy[2].append(float(val['3. low']))\n",
    "            spy[3].append(float(val['4. close']))\n",
    "            spy[4].append(float(val['5. adjusted close']))\n",
    "            #spy[5].append(float(val['6. volume']))\n",
    "            #spy[6].append(float(val['7. dividend amount']))\n",
    "        t=list(response.json()['Time Series (Daily)'].keys())\n",
    "        try:\n",
    "            if (pd.to_datetime(t[0]).date()==pd.Timestamp.today().date())==False:\n",
    "                print('Notlive')\n",
    "                d={'token':\"pk_9469e57bc642462d905e4dc0003523ab\",'chartIEXOnly':'False','chartLast':'1'}\n",
    "                response = requests.get(\n",
    "                'https://cloud.iexapis.com/stable/stock/{}/intraday-prices?'.format(ticker)#token={}&chartIEXOnly=True&chartLast=1'.format(holdings[0],'pk_9469e57bc642462d905e4dc0003523ab'),\n",
    "                ,params=d,\n",
    "                )\n",
    "\n",
    "                spy[0].insert(0,float(response.json()[0]['open']))\n",
    "                spy[1].insert(0,float(response.json()[0]['high']))\n",
    "                spy[2].insert(0,float(response.json()[0]['low']))\n",
    "                spy[3].insert(0,float(response.json()[0]['close']))\n",
    "                spy[4].insert(0,float(response.json()[0]['close']))\n",
    "                t.insert(0,str(response.json()[0]['date']))\n",
    "\n",
    "                #spy[0].append(float(t.insert(0,response2.json()[0]['date'])))\n",
    "        except:\n",
    "            print(ticker,'2')\n",
    "\n",
    "\n",
    "\n",
    "\n",
    "        spy=pd.DataFrame({'Date':t,\n",
    "                     'open':spy[0],\n",
    "                      'high':spy[1],\n",
    "                      'low':spy[2],\n",
    "                      'close':spy[3],\n",
    "                      'adj_close':spy[4]#,\n",
    "                    #  'volume':spy[5],\n",
    "                    #  'dividend':spy[6],\n",
    "                     })\n",
    "        spy=spy.astype({'Date': 'datetime64'})\n",
    "        spy=spy.sort_values(by='Date')\n",
    "        spy['highest_high']=spy.high.rolling(22).max()\n",
    "        spy['lowest_low']=spy.low.rolling(22).min()\n",
    "        spy['k']=(spy.close-spy.lowest_low)/(spy.highest_high-spy.lowest_low)\n",
    "        spy['k']=spy.k.rolling(3).mean()\n",
    "        spy['k_change'] = spy.k/spy.k.shift(3)-1\n",
    "        res[0].append(ticker)\n",
    "        res[1].append(spy.iloc[-1]['Date']) \n",
    "        res[2].append(spy.iloc[-1]['k']) \n",
    "        res[3].append(spy.iloc[-1]['k_change'])\n",
    "        res[4].append(np.nanpercentile(spy.k_change,q=10))\n",
    "        res[5].append(get_percentile(spy.k_change))\n",
    "\n",
    "        time.sleep(1)\n",
    "        \n",
    "    except:\n",
    "            print(ticker,'1')  \n"
   ]
  },
  {
   "cell_type": "code",
   "execution_count": 145,
   "metadata": {},
   "outputs": [],
   "source": [
    "res=pd.DataFrame({'ticker':res[0], \n",
    "            'date':res[1],\n",
    "             'k':res[2],\n",
    "             'k_change':res[3],\n",
    "             'k_percentile':res[4],\n",
    "             'k_change_percentile':res[5]\n",
    "             }\n",
    "            )"
   ]
  },
  {
   "cell_type": "code",
   "execution_count": 146,
   "metadata": {},
   "outputs": [
    {
     "data": {
      "text/html": [
       "<div>\n",
       "<style scoped>\n",
       "    .dataframe tbody tr th:only-of-type {\n",
       "        vertical-align: middle;\n",
       "    }\n",
       "\n",
       "    .dataframe tbody tr th {\n",
       "        vertical-align: top;\n",
       "    }\n",
       "\n",
       "    .dataframe thead th {\n",
       "        text-align: right;\n",
       "    }\n",
       "</style>\n",
       "<table border=\"1\" class=\"dataframe\">\n",
       "  <thead>\n",
       "    <tr style=\"text-align: right;\">\n",
       "      <th></th>\n",
       "      <th>ticker</th>\n",
       "      <th>date</th>\n",
       "      <th>k</th>\n",
       "      <th>k_change</th>\n",
       "      <th>k_percentile</th>\n",
       "      <th>k_change_percentile</th>\n",
       "    </tr>\n",
       "  </thead>\n",
       "  <tbody>\n",
       "    <tr>\n",
       "      <th>2</th>\n",
       "      <td>SHOP</td>\n",
       "      <td>2020-06-05</td>\n",
       "      <td>0.458937</td>\n",
       "      <td>-0.328150</td>\n",
       "      <td>-0.394575</td>\n",
       "      <td>12.30</td>\n",
       "    </tr>\n",
       "    <tr>\n",
       "      <th>20</th>\n",
       "      <td>TW</td>\n",
       "      <td>2020-06-05</td>\n",
       "      <td>0.639784</td>\n",
       "      <td>-0.323114</td>\n",
       "      <td>-0.409050</td>\n",
       "      <td>14.81</td>\n",
       "    </tr>\n",
       "    <tr>\n",
       "      <th>8</th>\n",
       "      <td>MDB</td>\n",
       "      <td>2020-06-05</td>\n",
       "      <td>0.665578</td>\n",
       "      <td>-0.308512</td>\n",
       "      <td>-0.406692</td>\n",
       "      <td>14.17</td>\n",
       "    </tr>\n",
       "    <tr>\n",
       "      <th>19</th>\n",
       "      <td>TREX</td>\n",
       "      <td>2020-06-05</td>\n",
       "      <td>0.545253</td>\n",
       "      <td>-0.218896</td>\n",
       "      <td>-0.478444</td>\n",
       "      <td>23.11</td>\n",
       "    </tr>\n",
       "    <tr>\n",
       "      <th>0</th>\n",
       "      <td>DOCU</td>\n",
       "      <td>2020-06-05</td>\n",
       "      <td>0.779594</td>\n",
       "      <td>-0.165707</td>\n",
       "      <td>-0.379379</td>\n",
       "      <td>23.56</td>\n",
       "    </tr>\n",
       "    <tr>\n",
       "      <th>21</th>\n",
       "      <td>DKNG</td>\n",
       "      <td>2020-06-05</td>\n",
       "      <td>0.798953</td>\n",
       "      <td>-0.157343</td>\n",
       "      <td>-0.276853</td>\n",
       "      <td>16.67</td>\n",
       "    </tr>\n",
       "    <tr>\n",
       "      <th>13</th>\n",
       "      <td>NOW</td>\n",
       "      <td>2020-06-05</td>\n",
       "      <td>0.771111</td>\n",
       "      <td>-0.134813</td>\n",
       "      <td>-0.428036</td>\n",
       "      <td>27.77</td>\n",
       "    </tr>\n",
       "    <tr>\n",
       "      <th>6</th>\n",
       "      <td>BL</td>\n",
       "      <td>2020-06-05</td>\n",
       "      <td>0.831129</td>\n",
       "      <td>-0.104587</td>\n",
       "      <td>-0.379263</td>\n",
       "      <td>33.64</td>\n",
       "    </tr>\n",
       "    <tr>\n",
       "      <th>11</th>\n",
       "      <td>CDNS</td>\n",
       "      <td>2020-06-05</td>\n",
       "      <td>0.904694</td>\n",
       "      <td>-0.060172</td>\n",
       "      <td>-0.449041</td>\n",
       "      <td>39.76</td>\n",
       "    </tr>\n",
       "    <tr>\n",
       "      <th>4</th>\n",
       "      <td>ADBE</td>\n",
       "      <td>2020-06-05</td>\n",
       "      <td>0.899282</td>\n",
       "      <td>-0.059706</td>\n",
       "      <td>-0.438807</td>\n",
       "      <td>38.73</td>\n",
       "    </tr>\n",
       "    <tr>\n",
       "      <th>23</th>\n",
       "      <td>RH</td>\n",
       "      <td>2020-06-05</td>\n",
       "      <td>0.896617</td>\n",
       "      <td>-0.054935</td>\n",
       "      <td>-0.474859</td>\n",
       "      <td>39.17</td>\n",
       "    </tr>\n",
       "    <tr>\n",
       "      <th>12</th>\n",
       "      <td>MELI</td>\n",
       "      <td>2020-06-05</td>\n",
       "      <td>0.904534</td>\n",
       "      <td>-0.052805</td>\n",
       "      <td>-0.446973</td>\n",
       "      <td>40.76</td>\n",
       "    </tr>\n",
       "    <tr>\n",
       "      <th>7</th>\n",
       "      <td>QQQ</td>\n",
       "      <td>2020-06-05</td>\n",
       "      <td>0.939607</td>\n",
       "      <td>-0.050955</td>\n",
       "      <td>-0.458971</td>\n",
       "      <td>38.63</td>\n",
       "    </tr>\n",
       "    <tr>\n",
       "      <th>18</th>\n",
       "      <td>BIG</td>\n",
       "      <td>2020-06-05</td>\n",
       "      <td>0.732110</td>\n",
       "      <td>-0.041543</td>\n",
       "      <td>-0.483592</td>\n",
       "      <td>41.96</td>\n",
       "    </tr>\n",
       "    <tr>\n",
       "      <th>22</th>\n",
       "      <td>ARKF</td>\n",
       "      <td>2020-06-05</td>\n",
       "      <td>0.952861</td>\n",
       "      <td>-0.036220</td>\n",
       "      <td>-0.371099</td>\n",
       "      <td>39.42</td>\n",
       "    </tr>\n",
       "    <tr>\n",
       "      <th>15</th>\n",
       "      <td>CWH</td>\n",
       "      <td>2020-06-05</td>\n",
       "      <td>0.893946</td>\n",
       "      <td>-0.028606</td>\n",
       "      <td>-0.513932</td>\n",
       "      <td>44.58</td>\n",
       "    </tr>\n",
       "    <tr>\n",
       "      <th>27</th>\n",
       "      <td>THO</td>\n",
       "      <td>2020-06-05</td>\n",
       "      <td>0.927085</td>\n",
       "      <td>-0.004469</td>\n",
       "      <td>-0.472665</td>\n",
       "      <td>48.89</td>\n",
       "    </tr>\n",
       "    <tr>\n",
       "      <th>24</th>\n",
       "      <td>BAK</td>\n",
       "      <td>2020-06-05</td>\n",
       "      <td>0.877339</td>\n",
       "      <td>-0.004044</td>\n",
       "      <td>-0.529587</td>\n",
       "      <td>48.87</td>\n",
       "    </tr>\n",
       "    <tr>\n",
       "      <th>14</th>\n",
       "      <td>NYT</td>\n",
       "      <td>2020-06-05</td>\n",
       "      <td>0.949536</td>\n",
       "      <td>0.016085</td>\n",
       "      <td>-0.486210</td>\n",
       "      <td>52.59</td>\n",
       "    </tr>\n",
       "    <tr>\n",
       "      <th>25</th>\n",
       "      <td>JHG</td>\n",
       "      <td>2020-06-05</td>\n",
       "      <td>0.948630</td>\n",
       "      <td>0.029051</td>\n",
       "      <td>-0.490162</td>\n",
       "      <td>53.73</td>\n",
       "    </tr>\n",
       "    <tr>\n",
       "      <th>17</th>\n",
       "      <td>DDOG</td>\n",
       "      <td>2020-06-05</td>\n",
       "      <td>0.890294</td>\n",
       "      <td>0.035803</td>\n",
       "      <td>-0.238593</td>\n",
       "      <td>55.19</td>\n",
       "    </tr>\n",
       "    <tr>\n",
       "      <th>1</th>\n",
       "      <td>OLLI</td>\n",
       "      <td>2020-06-05</td>\n",
       "      <td>0.924247</td>\n",
       "      <td>0.058994</td>\n",
       "      <td>-0.408493</td>\n",
       "      <td>59.87</td>\n",
       "    </tr>\n",
       "    <tr>\n",
       "      <th>10</th>\n",
       "      <td>CLF</td>\n",
       "      <td>2020-06-05</td>\n",
       "      <td>0.953229</td>\n",
       "      <td>0.092805</td>\n",
       "      <td>-0.503498</td>\n",
       "      <td>61.19</td>\n",
       "    </tr>\n",
       "    <tr>\n",
       "      <th>9</th>\n",
       "      <td>BLK</td>\n",
       "      <td>2020-06-05</td>\n",
       "      <td>0.950167</td>\n",
       "      <td>0.106398</td>\n",
       "      <td>-0.440827</td>\n",
       "      <td>64.93</td>\n",
       "    </tr>\n",
       "    <tr>\n",
       "      <th>26</th>\n",
       "      <td>CROX</td>\n",
       "      <td>2020-06-05</td>\n",
       "      <td>0.924525</td>\n",
       "      <td>0.112349</td>\n",
       "      <td>-0.474488</td>\n",
       "      <td>63.91</td>\n",
       "    </tr>\n",
       "    <tr>\n",
       "      <th>3</th>\n",
       "      <td>MBUU</td>\n",
       "      <td>2020-06-05</td>\n",
       "      <td>0.933639</td>\n",
       "      <td>0.144064</td>\n",
       "      <td>-0.434167</td>\n",
       "      <td>66.35</td>\n",
       "    </tr>\n",
       "    <tr>\n",
       "      <th>28</th>\n",
       "      <td>MAR</td>\n",
       "      <td>2020-06-05</td>\n",
       "      <td>0.915906</td>\n",
       "      <td>0.168228</td>\n",
       "      <td>-0.483566</td>\n",
       "      <td>69.90</td>\n",
       "    </tr>\n",
       "    <tr>\n",
       "      <th>5</th>\n",
       "      <td>CCL</td>\n",
       "      <td>2020-06-05</td>\n",
       "      <td>0.893918</td>\n",
       "      <td>0.170102</td>\n",
       "      <td>-0.487860</td>\n",
       "      <td>68.32</td>\n",
       "    </tr>\n",
       "    <tr>\n",
       "      <th>16</th>\n",
       "      <td>ECL</td>\n",
       "      <td>2020-06-05</td>\n",
       "      <td>0.976780</td>\n",
       "      <td>0.237127</td>\n",
       "      <td>-0.415256</td>\n",
       "      <td>76.77</td>\n",
       "    </tr>\n",
       "  </tbody>\n",
       "</table>\n",
       "</div>"
      ],
      "text/plain": [
       "   ticker       date         k  k_change  k_percentile  k_change_percentile\n",
       "2    SHOP 2020-06-05  0.458937 -0.328150     -0.394575                12.30\n",
       "20     TW 2020-06-05  0.639784 -0.323114     -0.409050                14.81\n",
       "8     MDB 2020-06-05  0.665578 -0.308512     -0.406692                14.17\n",
       "19   TREX 2020-06-05  0.545253 -0.218896     -0.478444                23.11\n",
       "0    DOCU 2020-06-05  0.779594 -0.165707     -0.379379                23.56\n",
       "21   DKNG 2020-06-05  0.798953 -0.157343     -0.276853                16.67\n",
       "13    NOW 2020-06-05  0.771111 -0.134813     -0.428036                27.77\n",
       "6      BL 2020-06-05  0.831129 -0.104587     -0.379263                33.64\n",
       "11   CDNS 2020-06-05  0.904694 -0.060172     -0.449041                39.76\n",
       "4    ADBE 2020-06-05  0.899282 -0.059706     -0.438807                38.73\n",
       "23     RH 2020-06-05  0.896617 -0.054935     -0.474859                39.17\n",
       "12   MELI 2020-06-05  0.904534 -0.052805     -0.446973                40.76\n",
       "7     QQQ 2020-06-05  0.939607 -0.050955     -0.458971                38.63\n",
       "18    BIG 2020-06-05  0.732110 -0.041543     -0.483592                41.96\n",
       "22   ARKF 2020-06-05  0.952861 -0.036220     -0.371099                39.42\n",
       "15    CWH 2020-06-05  0.893946 -0.028606     -0.513932                44.58\n",
       "27    THO 2020-06-05  0.927085 -0.004469     -0.472665                48.89\n",
       "24    BAK 2020-06-05  0.877339 -0.004044     -0.529587                48.87\n",
       "14    NYT 2020-06-05  0.949536  0.016085     -0.486210                52.59\n",
       "25    JHG 2020-06-05  0.948630  0.029051     -0.490162                53.73\n",
       "17   DDOG 2020-06-05  0.890294  0.035803     -0.238593                55.19\n",
       "1    OLLI 2020-06-05  0.924247  0.058994     -0.408493                59.87\n",
       "10    CLF 2020-06-05  0.953229  0.092805     -0.503498                61.19\n",
       "9     BLK 2020-06-05  0.950167  0.106398     -0.440827                64.93\n",
       "26   CROX 2020-06-05  0.924525  0.112349     -0.474488                63.91\n",
       "3    MBUU 2020-06-05  0.933639  0.144064     -0.434167                66.35\n",
       "28    MAR 2020-06-05  0.915906  0.168228     -0.483566                69.90\n",
       "5     CCL 2020-06-05  0.893918  0.170102     -0.487860                68.32\n",
       "16    ECL 2020-06-05  0.976780  0.237127     -0.415256                76.77"
      ]
     },
     "execution_count": 146,
     "metadata": {},
     "output_type": "execute_result"
    }
   ],
   "source": [
    "res.sort_values(by='k_change',ascending=True)"
   ]
  },
  {
   "cell_type": "code",
   "execution_count": 147,
   "metadata": {},
   "outputs": [
    {
     "data": {
      "text/html": [
       "<div>\n",
       "<style scoped>\n",
       "    .dataframe tbody tr th:only-of-type {\n",
       "        vertical-align: middle;\n",
       "    }\n",
       "\n",
       "    .dataframe tbody tr th {\n",
       "        vertical-align: top;\n",
       "    }\n",
       "\n",
       "    .dataframe thead th {\n",
       "        text-align: right;\n",
       "    }\n",
       "</style>\n",
       "<table border=\"1\" class=\"dataframe\">\n",
       "  <thead>\n",
       "    <tr style=\"text-align: right;\">\n",
       "      <th></th>\n",
       "      <th>ticker</th>\n",
       "      <th>date</th>\n",
       "      <th>k</th>\n",
       "      <th>k_change</th>\n",
       "      <th>k_percentile</th>\n",
       "      <th>k_change_percentile</th>\n",
       "    </tr>\n",
       "  </thead>\n",
       "  <tbody>\n",
       "    <tr>\n",
       "      <th>2</th>\n",
       "      <td>SHOP</td>\n",
       "      <td>2020-06-05</td>\n",
       "      <td>0.458937</td>\n",
       "      <td>-0.328150</td>\n",
       "      <td>-0.394575</td>\n",
       "      <td>12.30</td>\n",
       "    </tr>\n",
       "    <tr>\n",
       "      <th>19</th>\n",
       "      <td>TREX</td>\n",
       "      <td>2020-06-05</td>\n",
       "      <td>0.545253</td>\n",
       "      <td>-0.218896</td>\n",
       "      <td>-0.478444</td>\n",
       "      <td>23.11</td>\n",
       "    </tr>\n",
       "    <tr>\n",
       "      <th>20</th>\n",
       "      <td>TW</td>\n",
       "      <td>2020-06-05</td>\n",
       "      <td>0.639784</td>\n",
       "      <td>-0.323114</td>\n",
       "      <td>-0.409050</td>\n",
       "      <td>14.81</td>\n",
       "    </tr>\n",
       "    <tr>\n",
       "      <th>8</th>\n",
       "      <td>MDB</td>\n",
       "      <td>2020-06-05</td>\n",
       "      <td>0.665578</td>\n",
       "      <td>-0.308512</td>\n",
       "      <td>-0.406692</td>\n",
       "      <td>14.17</td>\n",
       "    </tr>\n",
       "    <tr>\n",
       "      <th>18</th>\n",
       "      <td>BIG</td>\n",
       "      <td>2020-06-05</td>\n",
       "      <td>0.732110</td>\n",
       "      <td>-0.041543</td>\n",
       "      <td>-0.483592</td>\n",
       "      <td>41.96</td>\n",
       "    </tr>\n",
       "    <tr>\n",
       "      <th>13</th>\n",
       "      <td>NOW</td>\n",
       "      <td>2020-06-05</td>\n",
       "      <td>0.771111</td>\n",
       "      <td>-0.134813</td>\n",
       "      <td>-0.428036</td>\n",
       "      <td>27.77</td>\n",
       "    </tr>\n",
       "    <tr>\n",
       "      <th>0</th>\n",
       "      <td>DOCU</td>\n",
       "      <td>2020-06-05</td>\n",
       "      <td>0.779594</td>\n",
       "      <td>-0.165707</td>\n",
       "      <td>-0.379379</td>\n",
       "      <td>23.56</td>\n",
       "    </tr>\n",
       "    <tr>\n",
       "      <th>21</th>\n",
       "      <td>DKNG</td>\n",
       "      <td>2020-06-05</td>\n",
       "      <td>0.798953</td>\n",
       "      <td>-0.157343</td>\n",
       "      <td>-0.276853</td>\n",
       "      <td>16.67</td>\n",
       "    </tr>\n",
       "    <tr>\n",
       "      <th>6</th>\n",
       "      <td>BL</td>\n",
       "      <td>2020-06-05</td>\n",
       "      <td>0.831129</td>\n",
       "      <td>-0.104587</td>\n",
       "      <td>-0.379263</td>\n",
       "      <td>33.64</td>\n",
       "    </tr>\n",
       "    <tr>\n",
       "      <th>24</th>\n",
       "      <td>BAK</td>\n",
       "      <td>2020-06-05</td>\n",
       "      <td>0.877339</td>\n",
       "      <td>-0.004044</td>\n",
       "      <td>-0.529587</td>\n",
       "      <td>48.87</td>\n",
       "    </tr>\n",
       "    <tr>\n",
       "      <th>17</th>\n",
       "      <td>DDOG</td>\n",
       "      <td>2020-06-05</td>\n",
       "      <td>0.890294</td>\n",
       "      <td>0.035803</td>\n",
       "      <td>-0.238593</td>\n",
       "      <td>55.19</td>\n",
       "    </tr>\n",
       "    <tr>\n",
       "      <th>5</th>\n",
       "      <td>CCL</td>\n",
       "      <td>2020-06-05</td>\n",
       "      <td>0.893918</td>\n",
       "      <td>0.170102</td>\n",
       "      <td>-0.487860</td>\n",
       "      <td>68.32</td>\n",
       "    </tr>\n",
       "    <tr>\n",
       "      <th>15</th>\n",
       "      <td>CWH</td>\n",
       "      <td>2020-06-05</td>\n",
       "      <td>0.893946</td>\n",
       "      <td>-0.028606</td>\n",
       "      <td>-0.513932</td>\n",
       "      <td>44.58</td>\n",
       "    </tr>\n",
       "    <tr>\n",
       "      <th>23</th>\n",
       "      <td>RH</td>\n",
       "      <td>2020-06-05</td>\n",
       "      <td>0.896617</td>\n",
       "      <td>-0.054935</td>\n",
       "      <td>-0.474859</td>\n",
       "      <td>39.17</td>\n",
       "    </tr>\n",
       "    <tr>\n",
       "      <th>4</th>\n",
       "      <td>ADBE</td>\n",
       "      <td>2020-06-05</td>\n",
       "      <td>0.899282</td>\n",
       "      <td>-0.059706</td>\n",
       "      <td>-0.438807</td>\n",
       "      <td>38.73</td>\n",
       "    </tr>\n",
       "    <tr>\n",
       "      <th>12</th>\n",
       "      <td>MELI</td>\n",
       "      <td>2020-06-05</td>\n",
       "      <td>0.904534</td>\n",
       "      <td>-0.052805</td>\n",
       "      <td>-0.446973</td>\n",
       "      <td>40.76</td>\n",
       "    </tr>\n",
       "    <tr>\n",
       "      <th>11</th>\n",
       "      <td>CDNS</td>\n",
       "      <td>2020-06-05</td>\n",
       "      <td>0.904694</td>\n",
       "      <td>-0.060172</td>\n",
       "      <td>-0.449041</td>\n",
       "      <td>39.76</td>\n",
       "    </tr>\n",
       "    <tr>\n",
       "      <th>28</th>\n",
       "      <td>MAR</td>\n",
       "      <td>2020-06-05</td>\n",
       "      <td>0.915906</td>\n",
       "      <td>0.168228</td>\n",
       "      <td>-0.483566</td>\n",
       "      <td>69.90</td>\n",
       "    </tr>\n",
       "    <tr>\n",
       "      <th>1</th>\n",
       "      <td>OLLI</td>\n",
       "      <td>2020-06-05</td>\n",
       "      <td>0.924247</td>\n",
       "      <td>0.058994</td>\n",
       "      <td>-0.408493</td>\n",
       "      <td>59.87</td>\n",
       "    </tr>\n",
       "    <tr>\n",
       "      <th>26</th>\n",
       "      <td>CROX</td>\n",
       "      <td>2020-06-05</td>\n",
       "      <td>0.924525</td>\n",
       "      <td>0.112349</td>\n",
       "      <td>-0.474488</td>\n",
       "      <td>63.91</td>\n",
       "    </tr>\n",
       "    <tr>\n",
       "      <th>27</th>\n",
       "      <td>THO</td>\n",
       "      <td>2020-06-05</td>\n",
       "      <td>0.927085</td>\n",
       "      <td>-0.004469</td>\n",
       "      <td>-0.472665</td>\n",
       "      <td>48.89</td>\n",
       "    </tr>\n",
       "    <tr>\n",
       "      <th>3</th>\n",
       "      <td>MBUU</td>\n",
       "      <td>2020-06-05</td>\n",
       "      <td>0.933639</td>\n",
       "      <td>0.144064</td>\n",
       "      <td>-0.434167</td>\n",
       "      <td>66.35</td>\n",
       "    </tr>\n",
       "    <tr>\n",
       "      <th>7</th>\n",
       "      <td>QQQ</td>\n",
       "      <td>2020-06-05</td>\n",
       "      <td>0.939607</td>\n",
       "      <td>-0.050955</td>\n",
       "      <td>-0.458971</td>\n",
       "      <td>38.63</td>\n",
       "    </tr>\n",
       "    <tr>\n",
       "      <th>25</th>\n",
       "      <td>JHG</td>\n",
       "      <td>2020-06-05</td>\n",
       "      <td>0.948630</td>\n",
       "      <td>0.029051</td>\n",
       "      <td>-0.490162</td>\n",
       "      <td>53.73</td>\n",
       "    </tr>\n",
       "    <tr>\n",
       "      <th>14</th>\n",
       "      <td>NYT</td>\n",
       "      <td>2020-06-05</td>\n",
       "      <td>0.949536</td>\n",
       "      <td>0.016085</td>\n",
       "      <td>-0.486210</td>\n",
       "      <td>52.59</td>\n",
       "    </tr>\n",
       "    <tr>\n",
       "      <th>9</th>\n",
       "      <td>BLK</td>\n",
       "      <td>2020-06-05</td>\n",
       "      <td>0.950167</td>\n",
       "      <td>0.106398</td>\n",
       "      <td>-0.440827</td>\n",
       "      <td>64.93</td>\n",
       "    </tr>\n",
       "    <tr>\n",
       "      <th>22</th>\n",
       "      <td>ARKF</td>\n",
       "      <td>2020-06-05</td>\n",
       "      <td>0.952861</td>\n",
       "      <td>-0.036220</td>\n",
       "      <td>-0.371099</td>\n",
       "      <td>39.42</td>\n",
       "    </tr>\n",
       "    <tr>\n",
       "      <th>10</th>\n",
       "      <td>CLF</td>\n",
       "      <td>2020-06-05</td>\n",
       "      <td>0.953229</td>\n",
       "      <td>0.092805</td>\n",
       "      <td>-0.503498</td>\n",
       "      <td>61.19</td>\n",
       "    </tr>\n",
       "    <tr>\n",
       "      <th>16</th>\n",
       "      <td>ECL</td>\n",
       "      <td>2020-06-05</td>\n",
       "      <td>0.976780</td>\n",
       "      <td>0.237127</td>\n",
       "      <td>-0.415256</td>\n",
       "      <td>76.77</td>\n",
       "    </tr>\n",
       "  </tbody>\n",
       "</table>\n",
       "</div>"
      ],
      "text/plain": [
       "   ticker       date         k  k_change  k_percentile  k_change_percentile\n",
       "2    SHOP 2020-06-05  0.458937 -0.328150     -0.394575                12.30\n",
       "19   TREX 2020-06-05  0.545253 -0.218896     -0.478444                23.11\n",
       "20     TW 2020-06-05  0.639784 -0.323114     -0.409050                14.81\n",
       "8     MDB 2020-06-05  0.665578 -0.308512     -0.406692                14.17\n",
       "18    BIG 2020-06-05  0.732110 -0.041543     -0.483592                41.96\n",
       "13    NOW 2020-06-05  0.771111 -0.134813     -0.428036                27.77\n",
       "0    DOCU 2020-06-05  0.779594 -0.165707     -0.379379                23.56\n",
       "21   DKNG 2020-06-05  0.798953 -0.157343     -0.276853                16.67\n",
       "6      BL 2020-06-05  0.831129 -0.104587     -0.379263                33.64\n",
       "24    BAK 2020-06-05  0.877339 -0.004044     -0.529587                48.87\n",
       "17   DDOG 2020-06-05  0.890294  0.035803     -0.238593                55.19\n",
       "5     CCL 2020-06-05  0.893918  0.170102     -0.487860                68.32\n",
       "15    CWH 2020-06-05  0.893946 -0.028606     -0.513932                44.58\n",
       "23     RH 2020-06-05  0.896617 -0.054935     -0.474859                39.17\n",
       "4    ADBE 2020-06-05  0.899282 -0.059706     -0.438807                38.73\n",
       "12   MELI 2020-06-05  0.904534 -0.052805     -0.446973                40.76\n",
       "11   CDNS 2020-06-05  0.904694 -0.060172     -0.449041                39.76\n",
       "28    MAR 2020-06-05  0.915906  0.168228     -0.483566                69.90\n",
       "1    OLLI 2020-06-05  0.924247  0.058994     -0.408493                59.87\n",
       "26   CROX 2020-06-05  0.924525  0.112349     -0.474488                63.91\n",
       "27    THO 2020-06-05  0.927085 -0.004469     -0.472665                48.89\n",
       "3    MBUU 2020-06-05  0.933639  0.144064     -0.434167                66.35\n",
       "7     QQQ 2020-06-05  0.939607 -0.050955     -0.458971                38.63\n",
       "25    JHG 2020-06-05  0.948630  0.029051     -0.490162                53.73\n",
       "14    NYT 2020-06-05  0.949536  0.016085     -0.486210                52.59\n",
       "9     BLK 2020-06-05  0.950167  0.106398     -0.440827                64.93\n",
       "22   ARKF 2020-06-05  0.952861 -0.036220     -0.371099                39.42\n",
       "10    CLF 2020-06-05  0.953229  0.092805     -0.503498                61.19\n",
       "16    ECL 2020-06-05  0.976780  0.237127     -0.415256                76.77"
      ]
     },
     "execution_count": 147,
     "metadata": {},
     "output_type": "execute_result"
    }
   ],
   "source": [
    "res.sort_values(by='k',ascending=True)"
   ]
  },
  {
   "cell_type": "code",
   "execution_count": 24,
   "metadata": {},
   "outputs": [
    {
     "data": {
      "text/html": [
       "<div>\n",
       "<style scoped>\n",
       "    .dataframe tbody tr th:only-of-type {\n",
       "        vertical-align: middle;\n",
       "    }\n",
       "\n",
       "    .dataframe tbody tr th {\n",
       "        vertical-align: top;\n",
       "    }\n",
       "\n",
       "    .dataframe thead th {\n",
       "        text-align: right;\n",
       "    }\n",
       "</style>\n",
       "<table border=\"1\" class=\"dataframe\">\n",
       "  <thead>\n",
       "    <tr style=\"text-align: right;\">\n",
       "      <th></th>\n",
       "      <th>ticker</th>\n",
       "      <th>date</th>\n",
       "      <th>k</th>\n",
       "      <th>k_change</th>\n",
       "      <th>k_percentile</th>\n",
       "    </tr>\n",
       "  </thead>\n",
       "  <tbody>\n",
       "    <tr>\n",
       "      <th>5</th>\n",
       "      <td>OLLI</td>\n",
       "      <td>2020-05-26</td>\n",
       "      <td>0.986562</td>\n",
       "      <td>0.054041</td>\n",
       "      <td>-0.413098</td>\n",
       "    </tr>\n",
       "    <tr>\n",
       "      <th>25</th>\n",
       "      <td>BIG</td>\n",
       "      <td>2020-05-26</td>\n",
       "      <td>0.971424</td>\n",
       "      <td>0.020082</td>\n",
       "      <td>-0.484475</td>\n",
       "    </tr>\n",
       "    <tr>\n",
       "      <th>27</th>\n",
       "      <td>TREX</td>\n",
       "      <td>2020-05-26</td>\n",
       "      <td>0.959997</td>\n",
       "      <td>0.025107</td>\n",
       "      <td>-0.478566</td>\n",
       "    </tr>\n",
       "    <tr>\n",
       "      <th>22</th>\n",
       "      <td>CWH</td>\n",
       "      <td>2020-05-26</td>\n",
       "      <td>0.946102</td>\n",
       "      <td>0.020497</td>\n",
       "      <td>-0.516107</td>\n",
       "    </tr>\n",
       "    <tr>\n",
       "      <th>20</th>\n",
       "      <td>NYT</td>\n",
       "      <td>2020-05-26</td>\n",
       "      <td>0.934016</td>\n",
       "      <td>0.161639</td>\n",
       "      <td>-0.486296</td>\n",
       "    </tr>\n",
       "    <tr>\n",
       "      <th>11</th>\n",
       "      <td>MDB</td>\n",
       "      <td>2020-05-26</td>\n",
       "      <td>0.933195</td>\n",
       "      <td>0.022307</td>\n",
       "      <td>-0.413329</td>\n",
       "    </tr>\n",
       "    <tr>\n",
       "      <th>24</th>\n",
       "      <td>DDOG</td>\n",
       "      <td>2020-05-26</td>\n",
       "      <td>0.930085</td>\n",
       "      <td>0.012230</td>\n",
       "      <td>-0.250558</td>\n",
       "    </tr>\n",
       "    <tr>\n",
       "      <th>9</th>\n",
       "      <td>BL</td>\n",
       "      <td>2020-05-26</td>\n",
       "      <td>0.908847</td>\n",
       "      <td>0.042083</td>\n",
       "      <td>-0.380678</td>\n",
       "    </tr>\n",
       "    <tr>\n",
       "      <th>28</th>\n",
       "      <td>TW</td>\n",
       "      <td>2020-05-26</td>\n",
       "      <td>0.873882</td>\n",
       "      <td>0.037369</td>\n",
       "      <td>-0.413804</td>\n",
       "    </tr>\n",
       "    <tr>\n",
       "      <th>29</th>\n",
       "      <td>DKNG</td>\n",
       "      <td>2020-05-26</td>\n",
       "      <td>0.872189</td>\n",
       "      <td>0.011878</td>\n",
       "      <td>-0.288886</td>\n",
       "    </tr>\n",
       "    <tr>\n",
       "      <th>2</th>\n",
       "      <td>DOCU</td>\n",
       "      <td>2020-05-26</td>\n",
       "      <td>0.871907</td>\n",
       "      <td>0.014950</td>\n",
       "      <td>-0.387830</td>\n",
       "    </tr>\n",
       "    <tr>\n",
       "      <th>12</th>\n",
       "      <td>BLK</td>\n",
       "      <td>2020-05-26</td>\n",
       "      <td>0.818484</td>\n",
       "      <td>0.103400</td>\n",
       "      <td>-0.442325</td>\n",
       "    </tr>\n",
       "    <tr>\n",
       "      <th>3</th>\n",
       "      <td>ZS</td>\n",
       "      <td>2020-05-26</td>\n",
       "      <td>0.804474</td>\n",
       "      <td>0.050386</td>\n",
       "      <td>-0.431713</td>\n",
       "    </tr>\n",
       "  </tbody>\n",
       "</table>\n",
       "</div>"
      ],
      "text/plain": [
       "   ticker       date         k  k_change  k_percentile\n",
       "5    OLLI 2020-05-26  0.986562  0.054041     -0.413098\n",
       "25    BIG 2020-05-26  0.971424  0.020082     -0.484475\n",
       "27   TREX 2020-05-26  0.959997  0.025107     -0.478566\n",
       "22    CWH 2020-05-26  0.946102  0.020497     -0.516107\n",
       "20    NYT 2020-05-26  0.934016  0.161639     -0.486296\n",
       "11    MDB 2020-05-26  0.933195  0.022307     -0.413329\n",
       "24   DDOG 2020-05-26  0.930085  0.012230     -0.250558\n",
       "9      BL 2020-05-26  0.908847  0.042083     -0.380678\n",
       "28     TW 2020-05-26  0.873882  0.037369     -0.413804\n",
       "29   DKNG 2020-05-26  0.872189  0.011878     -0.288886\n",
       "2    DOCU 2020-05-26  0.871907  0.014950     -0.387830\n",
       "12    BLK 2020-05-26  0.818484  0.103400     -0.442325\n",
       "3      ZS 2020-05-26  0.804474  0.050386     -0.431713"
      ]
     },
     "execution_count": 24,
     "metadata": {},
     "output_type": "execute_result"
    }
   ],
   "source": [
    "res[(res.k>0.7) & (res.k_change>0)].sort_values(by='k',ascending=False)"
   ]
  },
  {
   "cell_type": "code",
   "execution_count": null,
   "metadata": {},
   "outputs": [],
   "source": []
  },
  {
   "cell_type": "code",
   "execution_count": null,
   "metadata": {},
   "outputs": [],
   "source": [
    "pk_444bcc6ef4a94b859405ef30fe66fa14 \n",
    "https://cloud.iexapis.com/stable/stock/QQQ/intraday-prices?token=pk_9469e57bc642462d905e4dc0003523ab&chartIEXOnly=True&chartLast=1\n",
    "    https://cloud.iexapis.com/stable/stock/CWH/intraday-prices?token=pk_9469e57bc642462d905e4dc0003523ab&chartIEXOnly=True&chartLast=30&chartIEXWhenNull=True"
   ]
  },
  {
   "cell_type": "code",
   "execution_count": 170,
   "metadata": {},
   "outputs": [],
   "source": [
    "if ~(pd.to_datetime(list(response.json()['Time Series (Daily)'].keys())[0])==pd.Timestamp.today()):\n",
    "    d={'function': 'TIME_SERIES_INTRADAY','apikey':\"YEUC2DL0F7KC43PB\",'symbol':'MBUU','interval':'1min'}\n",
    "    response = requests.get(\n",
    "        'https://www.alphavantage.co/query',\n",
    "        params=d,\n",
    "        )"
   ]
  },
  {
   "cell_type": "code",
   "execution_count": 189,
   "metadata": {},
   "outputs": [],
   "source": [
    "d={'token':\"pk_9469e57bc642462d905e4dc0003523ab\",'chartIEXOnly':'True','chartLast':'1'}\n",
    "response2 = requests.get(\n",
    "        'https://cloud.iexapis.com/stable/stock/{}/intraday-prices?'.format('MBUU')#token={}&chartIEXOnly=True&chartLast=1'.format(holdings[0],'pk_9469e57bc642462d905e4dc0003523ab'),\n",
    "        ,params=d,\n",
    "        )"
   ]
  },
  {
   "cell_type": "code",
   "execution_count": 180,
   "metadata": {},
   "outputs": [
    {
     "ename": "TypeError",
     "evalue": "__init__() takes from 1 to 6 positional arguments but 7 were given",
     "output_type": "error",
     "traceback": [
      "\u001b[0;31m---------------------------------------------------------------------------\u001b[0m",
      "\u001b[0;31mTypeError\u001b[0m                                 Traceback (most recent call last)",
      "\u001b[0;32m<ipython-input-180-1eed913928a4>\u001b[0m in \u001b[0;36m<module>\u001b[0;34m\u001b[0m\n\u001b[0;32m----> 1\u001b[0;31m \u001b[0mt\u001b[0m\u001b[0;34m=\u001b[0m\u001b[0mpd\u001b[0m\u001b[0;34m.\u001b[0m\u001b[0mDataFrame\u001b[0m\u001b[0;34m(\u001b[0m\u001b[0mresponse\u001b[0m\u001b[0;34m.\u001b[0m\u001b[0mjson\u001b[0m\u001b[0;34m(\u001b[0m\u001b[0;34m)\u001b[0m\u001b[0;34m[\u001b[0m\u001b[0;36m0\u001b[0m\u001b[0;34m]\u001b[0m\u001b[0;34m[\u001b[0m\u001b[0;34m'date'\u001b[0m\u001b[0;34m]\u001b[0m\u001b[0;34m,\u001b[0m\u001b[0mresponse\u001b[0m\u001b[0;34m.\u001b[0m\u001b[0mjson\u001b[0m\u001b[0;34m(\u001b[0m\u001b[0;34m)\u001b[0m\u001b[0;34m[\u001b[0m\u001b[0;36m0\u001b[0m\u001b[0;34m]\u001b[0m\u001b[0;34m[\u001b[0m\u001b[0;34m'open'\u001b[0m\u001b[0;34m]\u001b[0m\u001b[0;34m,\u001b[0m\u001b[0mresponse\u001b[0m\u001b[0;34m.\u001b[0m\u001b[0mjson\u001b[0m\u001b[0;34m(\u001b[0m\u001b[0;34m)\u001b[0m\u001b[0;34m[\u001b[0m\u001b[0;36m0\u001b[0m\u001b[0;34m]\u001b[0m\u001b[0;34m[\u001b[0m\u001b[0;34m'high'\u001b[0m\u001b[0;34m]\u001b[0m\u001b[0;34m,\u001b[0m\u001b[0mresponse\u001b[0m\u001b[0;34m.\u001b[0m\u001b[0mjson\u001b[0m\u001b[0;34m(\u001b[0m\u001b[0;34m)\u001b[0m\u001b[0;34m[\u001b[0m\u001b[0;36m0\u001b[0m\u001b[0;34m]\u001b[0m\u001b[0;34m[\u001b[0m\u001b[0;34m'low'\u001b[0m\u001b[0;34m]\u001b[0m\u001b[0;34m,\u001b[0m\u001b[0mresponse\u001b[0m\u001b[0;34m.\u001b[0m\u001b[0mjson\u001b[0m\u001b[0;34m(\u001b[0m\u001b[0;34m)\u001b[0m\u001b[0;34m[\u001b[0m\u001b[0;36m0\u001b[0m\u001b[0;34m]\u001b[0m\u001b[0;34m[\u001b[0m\u001b[0;34m'close'\u001b[0m\u001b[0;34m]\u001b[0m\u001b[0;34m,\u001b[0m\u001b[0mresponse\u001b[0m\u001b[0;34m.\u001b[0m\u001b[0mjson\u001b[0m\u001b[0;34m(\u001b[0m\u001b[0;34m)\u001b[0m\u001b[0;34m[\u001b[0m\u001b[0;36m0\u001b[0m\u001b[0;34m]\u001b[0m\u001b[0;34m[\u001b[0m\u001b[0;34m'close'\u001b[0m\u001b[0;34m]\u001b[0m\u001b[0;34m)\u001b[0m\u001b[0;34m\u001b[0m\u001b[0;34m\u001b[0m\u001b[0m\n\u001b[0m",
